$ANSIBLE_VAULT;1.1;AES256
36613538346266636565646236663638346566666530643962666364343437336331643966666132
6564623266643937366332613863366330613331623832360a333162396434363365623866653862
37633365396331336365393438393966373131346564653565323266393466336564353333353535
3964626665643861360a383232333934653665663835366131343664633130386262626438666238
65373232303763666633633963303334393263396231656430373566663134623661626432363938
32663930303664396535373539623235343339643963343164303962316532363961303231626334
32343036313265353136613861346536306335383465663732623039396261326639393738396536
35346661626332643234376666383063326234326435383632393334383966313063323461623236
30393736353666303939316233393765653262663762623137306235643661643362646466313131
62663663396238376563636637396239353634326661623232313239356637303138333338626463
64363633373039623830366132333930306235353865656237633733333031336565333461383466
36643630633562363132376431353537353537633863656638353963346662643236323935343136
66343365656634663361353130656430303261646134386661313637643838623161323230666533
64343361393737643365383032346363383866343462396261623464643331633865343037636237
62323334393033333133343831636435363138663865343338353636656166323263616361333662
65383537346439393330303937303930346365373363663865323638663137653864613964363463
34646135626562383130303234656465363839386639623138643239323665653165363537666231
65613036653233396333666638353137663062353632633666663335616330336431613965613262
35363262626330313765663262353233323964663361326532656539323638323663623239363163
32393566323135646263646664653632656137353463303864316636363639646339366230643663
34643239323430353364363231313531386463623061363734366133316133333066623437626130
39326262376466613935363465363534346538306362653662633832333533383134373236393531
32313031313034346430653238396130373130626139626533373061383839366231306637383963
34373234666139636139376336343136313064363162343132356133373635396364373732353766
32363134373631623836626631616565663566613364656563613438353135666461383435303065
64396332316632323037633731313735646437383732323731386564323630383666613161393733
64643130316536353234626536393532373738353339383037383333613833363035666333343637
36373161653531653830643964376431323261323762336237393031326634613065393038323266
38613933373134643437343032623736663139386366623732313865373335306335616237626236
31323665643963396231643866386666636131336564383931353733366330316565363861393732
61616337376536663539306137336234643034333530336238653038646635623832663535626436
30366463613439343030643739303162306664313366653239623333646530646361653438303936
62396564313834333162366666653464343935653765393939616235306231396266353861613061
63346234656361333363326662353334613537353934363231353234666537343235373365383262
61303533383736306463326266303633303064636137346432373433666135353839613134373436
34346334653330663261393638343462643330356430333932313735316532653664306266316363
35646130353766313938343462623437633035353963366531303333363031303837373130316131
66656262356138383038313130663537373532326264306264343464336232613735626364373038
62366164626461343463663130616131326663373839383535343464633562313663326332343933
33626666343566363139383239646465623765343664313136343537666237313032393333326235
33653233373261613131663463613938636333393631373437383039363430363462323062313964
64343531623364323136336662303135636163316366373966316365663965373138623930333665
65363136626338343037643863353134356165613933346232333364373032393633343638336564
38653436346261663832303565393461623332336330313231373137616337656165383031646462
62656364653066666134656361653565643564623338346264366462396434656336333834666162
39666565656636633261643638323464366166393362333931623637383931636462386636316630
64616561636535386535373065643164333462343263303836616239366533363336653563393432
62646335666537363164363638663638356264616165353065363635363732663432313561346462
33613364393439333563363561313336343566363538373433323966666239653136643463393234
33346365336662656132306234393533396531313531326265396566323564353737646133356632
66333937386635386233366533336331653131353665393135633462303065326263323534353039
32633537346233323863303232316665633839613738323136613534363231623832376261333532
63663264323732373862313335323038303531373832613532623266396264396533313730346438
38653937653663376430613434316161373235313663376630383433373830633432326661383863
36383531353065616436623437353561366465653965656362343365373064386663373039336463
65326363616634303535653832343161333463376339343339343339623366636562396533353432
37623136393064323231306466613535333836373231356338633762613933376236623733333637
36303161623038633132646161373736653931386632623263336166356631373133303562646233
65396663333436396536393839663334383837316461373435373461626231313365313330656533
39373761363861666335613662336439356663343134656630386363303036646364613030653239
36636130636339366230336231623739303965313665653562346661336561643265346432383437
62636266353463663266343038306432643861363732646638333063663065316536353436343363
39663663306339613762363737346663643566316631313235613735646263646564343466636466
62373163613563343437326430306230656466636530393535393365326330303662306139303462
32356538303837326365373534366137626661343137663066663134633939643939633164653939
35366565636239376462333631663637383466653635343733613038626566313334646463326466
66636335346265363164386338353566643961653736346231313661613238323663613532623931
35313661326565353165313664366361396430636532336633336465616337393538633230386131
34353132363161393736633938653363353730346230656162333165666537666666346336633730
61353830626231656437383266626362313830653936396430393937316534663432346161316266
30383738636466383262636562373637303834613865356233306166386562643963313939666536
36326561396536353534623739353738666365366238303266623864623936633263386132306631
38633238336337336533393039626561343234353563656539653366353937626663323135616431
64653836326162666231313735653230383837363064656261313264323031663664363562393731
32636465316663386135656233346230643036353930343533313338333466643361643866366562
34333564346630393430643738383438376362386337636262336434363631323539626262376434
33336461326666373230636664383661666261373830626237363365366232613665386530313530
33346439343966623532356532333464333633386131396136376564363866383664636331363062
65313035623465346666396138626235336339373533343135383636633163633834396534383964
33363061316534623137623132353565626432353062316161393939643538393064353433383937
63323966636536653836353832643631646366353539316434666534666536323038333064653462
32613239336662633735373461306465643630383936316666383337376161653264613166643666
39616333393562623062666535373230353037656130376430313937656662393630666266366134
30343364383832613064626537336632386430646363366630373765316561623235393766396439
66353732663530663634383530623761643164363861373437303364616563393036346438316262
66313835393231303934326335666336393731366661313732656132306339333930336166623931
64653733333163386433316637663362656534653531366164646661303464313465333933303763
30653935346237303162346262383762396562376365393939636365613466343932313066636337
63303939373865323334666666323666643366613632326436373063306635323839393566643233
33656330613463646336376331336564646361373435336432643762393637346438323961643031
61303431353336396234333361313334653432613766646138383938346262633538386136313736
30333830343233306232326330313737326563313531373134303665303733653362643338363332
34323861613564613035306339386137613230373936303838343763313665646633366563623465
63363636363232623337393763376662643430356331383861373464346538336334336237663936
37373432633330326236663938643730656431346639663839356462616165623161376131646130
36663434623762343937643830646436636165323064386166613839643835636632666335616130
35306430386263363836326633353263636133336439616632396565653738643632383662323861
66363237373136343837616230656636376665666332653165336533656230633961313733626237
35326538323930393663613466613037643764653730616563633266353339623037346538386130
34666332366363303364313362653232373362633132343730646133643166643338646334383064
39353264323339623731343564663939663538356238393631353132636338363437363738323132
32323735333966626235383533306537386362386134626564633031613237336434393837663633
37346566623339623165666164303939656666316435376435636530373465373338356437653164
39663734373135303436666261376138653532323833303865343233643832396333663931386431
36623039616333616362313330333233366635303863356131343935313633623339353363643034
31646462346231363061306636363537373136376334393764353261613436363733323533336234
35366262366136326334373333393763623965313434366439643530613064373639396232616334
64373538633931663233313238343239623630613763323136633264353131323539643463383038
63316466643231313063636634386434363365653834303962656665346463373737363165303864
32333966643331363763373438396336366339633830313739646162643465623435353465363531
64666230373134306437613533626536303233623562656661326437363038373866353434623735
32336338366464646230303039313861613935323363313332666462303034376461343839353565
66653731393630343039623838386261373135326436333838323430396164663933343534353637
61366431323536306438373464383036356362313764373266373763373136393232383037636166
61373165316532666433333037646264363734633963613539396163366131643732656334643537
39316331326461363835306137363037633465343239646161303861363561336632393663653539
63363035336462653935313062666364333136613632326139653436303837343335653938366138
35376164383030326137306137346433623863383036363439303036313239346161663035353963
31623661353431343730613036383761386165636536366431373139636231313133346266356634
66333336366338663435623336356431363934333661656135663432633330326565636265643964
37323238346565343836646466333137663638306365326462393161633536653164393466383139
30666366373564316335306237653437313331636337663035346431306632383935633031393564
39363535616638653432396136636237306632653138356638616561636161653865366236393866
61376536363034303233646664336531393034623236666438653966353533323261363134396339
36313064356366613430383138383466643830393432616630363565663931303130316464656135
36306637623164313735663136656131653065343334643364373863653465383965653062376237
31613837613432643761626139653333373461626334393331363537643236643735396265323631
63663131393864653739333437316666653033353463633863663565346336333537353366333865
61353765626236656236393630326439343161653863383236383330396335313865643933353066
36616339613265366161653738306466323261386264353962613565623939643263643539343463
33396433373535383462373361646635386665373732613330333137623332366133393235333865
31643237323836666139353331333634393832333435666163623430353930653731616665303937
34666232396632313164363331303338343165633338646366346562353335353039323066656166
3863636365313438363733663562303561306462363966356363
